1.30549
1.18784
1.07018
0.952527
0.836484
0.718828
0.60359
0.485934
0.369084
0.251429
0.134579
0.0177289
0.0507692
0.167619
0.285275
0.402125
0.51978
0.637436
0.752674
0.87033
0.987179
1.10403
1.22168
1.33853
1.45458
1.57143
1.68828
1.80593
1.92278
2.04044
2.15568
2.27333
2.39018
2.50703
2.62469
2.74154
2.85678
2.97604
2.86
2.74396
2.6263
2.50864
2.39341
2.27656
2.1589
2.04286
1.9244
1.80835
1.6915
1.57546
1.4578
1.34015
1.22249
1.10645
0.990403
0.872747
0.755897
0.638242
0.521392
0.405348
0.288498
0.170842
0.0539927
0.0153114
0.132161
0.249011
0.365861
0.483516
0.600366
0.717216
0.834066
0.950916
1.06777
1.18462
1.30227
1.41912
1.53597
1.65282
1.76886
1.88652
2.00337
2.12022
2.23788
2.35392
2.46996
2.58762
2.70527
2.82293
2.93978
2.89707
2.77941
2.66337
2.54571
2.42886
2.31201
2.19597
2.07832
1.96147
1.84381
1.72696
1.61011
1.49407
1.37722
1.25956
1.14674
1.02505
0.908205
0.793773
0.674505
0.558462
0.440806
0.32315
0.205495
0.0902564
0
0.0958974
0.213553
0.331209
0.447253
0.564103
0.680952
0.797802
0.915458
1.03231
1.14835
1.26601
1.38286
1.49971
1.61736
1.73341
1.84945
1.96711
2.08396
2.20161
2.31846
2.43451
2.55136
2.66901
2.78586
2.90352
2.93253
2.81487
2.70044
2.58278
2.46513
2.34747
2.23062
2.11377
1.99773
1.88007
1.76322
1.64557
1.52872
1.41187
1.29663
1.17897
1.06132
0.944469
0.827619
0.709963
0.594725
0.47707
0.36022
0.242564
0.124908
0.00886447
0.0588278
0.176484
0.294139
0.410989
0.528645
0.6463
0.761538
0.878388
0.996044
1.11289
1.23055
1.3474
1.46344
1.58029
1.69714
1.8148
1.93165
2.0485
2.16454
2.2822
2.39905
2.51751
2.63355
2.74879
2.86645
2.96879
2.85194
2.73429
2.61744
2.50139
2.38454
2.26689
2.15004
2.03158
1.91553
1.79949
1.68264
1.56579
1.44894
1.33128
1.21363
1.09758
0.980733
0.863883
0.747033
0.630183
0.512527
0.396484
0.279634
0.161978
0.0451282
0.0249817
0.141026
0.257875
0.375531
0.492381
0.609231
0.726081
0.843736
0.958974
1.07663
1.19348
1.31033
1.42799
1.54484
1.66088
1.77692
1.89538
2.01223
2.12989
2.24674
2.36198
2.47963
2.59648
2.71414
2.83099
2.94864
2.88821
2.77136
2.6537
2.53604
2.42
2.30234
2.1863
2.06945
1.9526
1.83495
1.7181
1.60125
1.4852
1.36755
1.2507
1.13385
1.01619
0.899341
0.783297
0.666447
0.548791
0.431941
0.315092
0.197436
0.0813919
0
0.104762
0.223223
0.340073
0.456923
0.572967
0.689817
0.806667
0.924322
1.04117
1.15802
1.27407
1.39172
1.50857
1.62542
1.74549
1.85832
1.97597
2.09282
2.21048
2.32733
2.44418
2.56022
2.67707
2.79553
2.91158
2.92366
2.80681
2.69158
2.57311
2.45626
2.33861
2.22176
2.10491
1.98886
1.87201
1.75436
1.63751
1.51985
1.403
1.28696
1.17011
1.05326
0.935604
0.817949
0.701905
0.585055
0.468205
0.351355
0.2337
0.11685
0
0.0684982
0.185348
0.303004
0.419853
0.537509
0.652747
0.770403
0.887253
1.0041
1.12176
1.23941
1.35626
1.47311
1.58916
1.70601
1.82286
1.94051
2.05736
2.17341
2.29026
2.40791
2.52476
2.64242
2.75846
2.87451
2.95993
2.84227
2.72623
2.60857
2.49172
2.37568
2.25883
2.14117
2.02432
1.90667
1.78982
1.67377
1.55692
1.44007
1.32242
1.20476
1.08791
0.972674
0.855824
0.738168
0.621319
0.503663
0.386813
0.271575
0.153114
0.0362637
0.0330403
0.14989
0.267546
0.38359
0.50044
0.618095
0.734945
0.851795
0.969451
1.08549
1.20234
1.31919
1.43685
1.55451
1.67136
1.78659
1.90344
2.0219
2.13795
2.2556
2.37326
2.4885
2.60535
2.723
2.83985
2.9567
2.87853
2.7633
2.64564
2.52799
2.41114
2.29429
2.17663
2.06059
1.94374
1.82689
1.70923
1.59238
1.47553
1.35949
1.24183
1.12498
1.00733
0.890476
0.774432
0.657582
0.540733
0.423883
0.306227
0.187766
0.0725275
0
0.113626
0.231282
0.348132
0.465788
0.581026
0.698681
0.815531
0.932381
1.04923
1.16689
1.28212
1.39978
1.51744
1.63429
1.75114
1.86879
1.98484
2.10168
2.21853
2.33538
2.45304
2.56989
2.68593
2.80359
2.92044
2.9148
2.79795
2.67949
2.56344
2.4474
2.32974
2.2137
2.09604
1.98
1.86315
1.74549
1.62864
1.51179
1.39414
1.2789
1.16125
1.0444
0.92674
0.80989
0.692234
0.576996
0.460147
0.343297
0.225641
0.107985
0
0.0765568
0.194212
0.311868
0.428718
0.546374
0.663223
0.779267
0.895311
1.01297
1.13062
1.24828
1.36513
1.48037
1.59802
1.71487
1.83172
1.95018
2.06542
2.18227
2.29912
2.41678
2.53282
2.65048
2.76652
2.88418
2.95187
2.83421
2.71736
2.60051
2.48447
2.36681
2.24916
2.13311
2.01546
1.8978
1.78256
1.66571
1.54806
