2.55216
2.41678
2.26689
2.10733
1.93487
1.75678
1.57546
1.39172
1.20879
1.03231
0.859853
0.69707
0.546374
0.409377
0.289304
0.185348
0.101538
0.0386813
0
0
0
0.00644689
0.0531868
0.121685
0.211941
0.319927
0.444029
0.585055
0.738974
0.904176
1.07824
1.25795
1.43927
1.623
1.80513
1.98161
2.15084
2.30799
2.45385
2.58601
2.70205
2.79875
2.87451
2.93011
2.96396
2.97604
2.96476
2.93253
2.87692
2.80198
2.70689
2.59245
2.4619
2.31524
2.1589
1.98967
1.81319
1.63187
1.44894
1.26601
1.08711
0.91304
0.747033
0.592308
0.450476
0.323956
0.215971
0.125714
0.0564103
0.00725275
0
0
0
0.0362637
0.098315
0.181319
0.283663
0.402125
0.539121
0.689011
0.851795
1.02264
1.20154
1.38205
1.56579
1.74791
1.92681
2.09846
2.25963
2.40872
2.54571
2.66659
2.76974
2.85275
2.9148
2.9559
2.97443
2.97121
2.94381
2.89626
2.82777
2.73751
2.62952
2.50381
2.36198
2.20725
2.04366
1.8696
1.68908
1.50615
1.32242
1.14352
0.967033
0.797802
0.639048
0.493187
0.361832
0.249011
0.152308
0.0757509
0.0209524
0
0
0
0.0217582
0.0765568
0.153114
0.249817
0.365055
0.494799
0.641465
0.80022
0.967839
1.14513
1.32403
1.50857
1.6915
1.87201
2.04608
2.21209
2.36359
2.50542
2.63114
2.73912
2.82938
2.89788
2.94542
2.9704
2.97443
2.95509
2.91319
2.85194
2.76894
2.66579
2.5441
2.40791
2.25722
2.09604
1.9252
1.74549
1.56337
1.37963
1.19751
1.02103
0.849377
0.687399
0.537509
0.401319
0.282857
0.180513
0.0967033
0.0354579
0
0
0
0.00886447
0.0572161
0.12652
0.217582
0.327179
0.452894
0.593919
0.748645
0.915458
1.08952
1.26842
1.45136
1.63429
1.8156
1.99289
2.16212
2.31766
2.46271
2.59407
2.7085
2.80359
2.87934
2.93253
2.96557
2.97604
2.96476
2.93011
2.87451
2.79795
2.70044
2.5844
2.45223
2.30637
2.14842
1.98
1.8019
1.62139
1.43685
1.25392
1.07582
0.902564
0.736557
0.582637
0.442418
0.318315
0.21033
0.120879
0.052381
0.00564103
0
0
0
0.0394872
0.10315
0.18696
0.290916
0.410989
0.547985
0.699487
0.862271
1.03473
1.21282
1.39333
1.57707
1.75919
1.9381
2.10894
2.2685
2.41839
2.55377
2.67304
2.77538
2.85678
2.91802
2.9567
2.97524
2.9696
2.943
2.89223
2.82293
2.73267
2.62227
2.49575
2.35231
2.19919
2.03319
1.85832
1.67861
1.49487
1.31114
1.13223
0.955751
0.787326
0.630183
0.484322
0.354579
0.241758
0.146667
0.0717216
0.0185348
0
0
0
0.0241758
0.0813919
0.158755
0.256264
0.371502
0.503663
0.651136
0.80989
0.979927
1.15641
1.33612
1.51985
1.70278
1.88249
2.05575
2.22095
2.37326
2.51429
2.63839
2.74557
2.83341
2.9011
2.94703
2.97121
2.97363
2.95348
2.91077
2.84711
2.76249
2.65934
2.53685
2.39905
2.24755
2.08637
1.91392
1.73502
1.55128
1.36755
1.18864
1.00974
0.839707
0.677729
0.528645
0.39326
0.275604
0.174066
0.092674
0.0322344
0
0
0
0.0112821
0.0604396
0.132161
0.224029
0.332821
0.460952
0.60359
0.759121
0.925934
1.10081
1.27971
1.46344
1.64637
1.82689
2.00418
2.17179
2.3241
2.47238
2.60212
2.71495
2.80842
2.88256
2.93656
2.96637
2.97604
2.96234
2.92769
2.86967
2.7915
2.69399
2.57634
2.44418
2.2959
2.13795
1.96872
1.79143
1.6093
1.42557
1.24344
1.06535
0.891282
0.726886
0.574579
0.433553
0.311868
0.203883
0.116044
0.0483516
0.00322344
0
0
0
0.0427106
0.107985
0.192601
0.298168
0.419853
0.55685
0.709158
0.872747
1.0452
1.22249
1.40542
1.58916
1.77048
1.94938
2.11941
2.27817
2.42725
2.56183
2.68029
2.78103
2.86161
2.92044
2.95832
2.97524
2.96879
2.94059
2.88901
2.81729
2.72623
2.61502
2.48689
2.34344
2.18791
2.0219
1.84703
1.66733
1.48359
1.29985
1.12095
0.944469
0.777656
0.620513
0.476264
0.34652
0.235311
0.141832
0.0684982
0.0161172
0
0
0
0.0273993
0.0862271
0.164396
0.263516
0.378755
0.512527
0.660806
0.820366
0.990403
1.16769
1.3474
1.53194
1.71487
1.89538
2.06784
2.23143
2.38212
2.52154
2.64564
2.75201
2.83824
2.90513
2.94945
2.97282
2.97282
2.95187
2.90674
2.84227
2.75685
2.65209
2.52799
2.38938
2.23626
2.07509
1.90264
1.72374
1.54
1.35707
1.17414
0.999267
0.829231
0.668059
0.51978
0.385201
0.26674
0.169231
0.0886447
0.0298168
0
0
0
0.0128938
0.0652747
0.137802
0.22967
0.342491
0.469817
0.61326
0.769597
0.935604
1.11128
1.2926
1.47231
1.65766
1.83817
2.01465
2.18147
2.3378
2.47963
2.60857
2.72139
2.81407
2.88821
2.93978
2.96879
2.97604
2.96154
2.92366
2.86484
2.78586
