4095
4095
4095
4095
4095
4095
4095
4095
4095
4095
4095
4095
4095
4095
4095
4095
4095
4095
4095
4095
4095
4095
4095
4095
4095
4095
4095
4095
4095
4095
4095
4095
4095
4095
4095
4095
4095
4095
4095
4095
4095
4095
4095
4095
4095
4095
4095
4095
4095
4095
4095
4095
4095
4095
4095
4095
4095
4095
4095
4095
4095
4095
4095
4095
4095
4095
4095
4095
4095
4095
4095
4095
4095
4095
4095
4095
4095
4095
4095
4095
4095
4095
4095
4095
4095
4095
4095
4095
4095
4095
4095
4095
4095
4095
4095
4095
4095
4095
4095
4095
4095
4095
4095
4095
4095
4095
4095
4095
4095
4095
4095
4095
4095
4095
4095
4095
4095
4095
4095
4095
4095
4095
4095
4095
4095
4095
4095
4095
4095
4095
4095
4095
4095
4095
4095
4095
4095
4095
4095
4095
4095
4095
4095
4095
4095
4095
4095
4095
4095
4095
4095
4095
4095
4095
4095
4095
4095
4095
4095
4095
4095
4095
4095
4095
4095
4095
4095
4095
4095
4095
4095
4095
4095
4095
4095
4095
4095
4095
4095
4095
4095
4095
4095
4095
4095
4095
4095
4095
4095
4095
4095
4095
4095
4095
4095
4095
4095
4095
4095
4095
4095
4095
4095
4095
4095
4095
4095
4095
4095
4095
4095
4095
4095
4095
4095
4095
4095
4095
4095
4095
4095
4095
4095
4095
4095
4095
4095
4095
4095
4095
4095
4095
4095
4095
4095
4095
4095
4095
4095
4095
4095
4095
4095
4095
4095
4095
4095
4095
4095
4095
4095
4095
4095
4095
4095
4095
4095
4095
4095
4095
4095
4095
4095
4095
4095
4095
4095
4095
4095
4095
4095
4095
4095
4095
4095
4095
4095
4095
4095
4095
4095
4095
4095
4095
4095
4095
4095
4095
4095
4095
4095
4095
4095
4093
4092
4091
4091
4090
4087
4085
4083
4083
4082
4081
4080
4079
4078
4076
4075
4074
4069
4069
4066
4065
4064
4062
4061
4058
4057
4055
4052
4051
4050
4049
4047
4048
4046
4045
4044
4042
4040
4039
4038
4034
4033
4031
4030
4028
4026
4024
4023
4020
4019
4019
4018
4019
4016
4015
4013
4012
4011
4008
4007
4004
4003
4001
4000
4000
3997
3997
3995
3993
3992
3992
3991
3987
3984
3986
3985
3983
3981
3981
3978
3977
3975
3976
3971
3973
3971
3969
3969
3966
3965
3962
3960
3959
3957
3956
3955
3950
3950
3949
3948
3947
3945
3945
3943
3942
3940
3939
3935
3935
3937
3933
3932
3931
3925
3924
3921
3920
3914
3912
3911
3908
3910
3911
3908
3908
3904
3908
3900
3896
3898
3892
3891
3889
3888
3884
3886
3886
3887
3887
3887
3883
3882
3883
3871
3874
3873
3871
3868
3867
3865
3862
3864
3863
3862
3854
3860
3849
3855
3853
3850
3851
3849
3847
3844
3847
3844
3844
3847
3844
3842
3841
3841
3840
3836
3836
3834
3836
3831
3828
3827
3826
3824
3822
3820
3818
3820
3821
3816
3815
3818
3812
3809
3811
3814
3809
3806
3804
3805
3800
3807
3802
3803
3803
3803
3800
3800
3799
3791
3792
3789
3790
3787
3786
3782
3782
3785
3785
3782
3784
3774
3778
3780
3779
3779
3781
3774
3774
3773
3774
3772
3770
3771
3766
3764
3767
3766
3765
3764
3763
3762
3758
3762
3761
3757
3758
3762
3754
3757
3748
3758
3753
3753
3753
3750
3751
3752
3750
3748
3747
3749
3748
3744
3750
3748
3745
3744
3745
3743
3743
3741
3745
3740
3744
3741
3741
3737
3736
3738
3742
3732
3735
3734
3733
3728
3735
3730
3727
3725
3730
3728
3725
3725
3723
3728
3723
3723
3721
3723
3722
3723
3722
3720
3721
3722
3725
3721
3719
3718
3718
3717
3722
3719
3719
3718
3716
3718
3718
3719
3722
3718
3717
3719
3723
3717
3717
3714
3716
3713
3716
3717
3714
3720
3714
3712
3715
3713
3710
3714
3713
3709
3712
3711
3711
3712
3705
3710
3709
3719
3706
3708
3707
3711
3707
3709
3706
3708
3701
3700
3702
3700
3695
3698
3697
3697
3696
3687
3693
3694
3696
3691
3690
3691
3689
3686
3689
3686
3687
3681
3681
3684
3683
3688
3680
3679
3680
3680
3679
3674
3675
3673
3673
3673
3671
3671
3667
3668
3667
3665
3664
3658
3663
3660
3660
3662
3655
3658
3657
3655
3654
3652
3652
3647
3650
3648
3647
3653
3645
3643
3644
3644
3638
3642
3641
3639
3641
3637
3635
3634
3633
3630
3640
3630
3629
3630
3629
3627
3625
3620
3621
3621
3620
3617
3618
3619
3617
3617
3615
3615
3614
3613
3616
3607
3609
3606
3602
3597
3598
3598
3600
3601
3596
3595
3602
3591
3594
3593
3594
3588
3591
3591
3589
3590
3586
3585
3586
3582
3587
3579
3583
3575
3581
3576
3579
3578
3576
3577
3577
3574
3572
3573
3572
3569
3567
3564
3558
3562
3560
3561
3557
3558
3557
3558
3560
3554
3552
3548
3547
3538
3544
3546
3540
3533
3535
3534
3530
3533
3531
3530
3519
3523
3526
3525
3516
3528
3527
3523
3519
3525
3514
3512
3511
3509
3504
3505
3503
3501
3499
3499
3498
3489
3498
3492
3490
3488
3494
3487
3487
3486
3479
3479
3482
3479
3475
3480
3476
3476
3473
3472
3467
3474
3472
3469
3468
3471
3469
3468
3457
3473
3466
3465
3473
3459
3461
3460
3458
3461
3458
3456
3455
3462
3452
3452
3447
3442
3440
3445
3441
3435
3447
3439
3434
3434
3438
3433
3431
3430
3428
3426
3424
3418
3420
3416
3420
3419
3416
3418
3417
3416
3415
3415
3412
3412
3413
3414
3408
3401
3402
3399
3398
3397
3396
3390
3394
3391
3389
3390
3389
3385
3387
3389
3381
3389
3383
3384
3379
3379
3381
3379
3381
3361
3371
3373
3372
3370
3366
3369
3368
3392
3367
3363
3362
3359
3354
3355
3354
3330
3341
3350
3346
3348
3346
3342
3338
3335
3334
3335
3332
3330
3332
3325
3324
3324
3319
3322
3319
3318
3312
3321
3306
3311
3308
3307
3298
3301
3301
3302
3299
3295
3292
3293
3294
3296
3289
3290
3288
3283
3281
3282
3276
3276
3278
3276
3276
3272
3262
3273
3266
3269
3266
3266
3263
3261
3262
3260
3257
3246
3254
3254
3252
3250
3255
3244
3249
3244
3243
3239
3242
3240
3243
3233
3238
3237
3235
3239
3236
3234
3230
3230
3221
3227
3221
3223
3218
3223
3222
3215
3224
3222
3219
3209
3225
3219
3216
3213
3206
3214
3208
3206
3202
3202
3202
3199
3195
3194
3197
3195
3195
3189
3192
3188
3186
3187
3183
3180
3180
3178
3169
3176
3174
3172
3175
3159
3165
3173
3161
3158
3155
3154
3152
3152
3150
3149
3155
3147
3145
3145
3146
3135
3147
3139
3140
3135
3134
3133
3133
3135
3128
3126
3125
3113
3119
3118
3119
3110
3114
3112
3114
3115
3103
3111
3106
3108
3102
3096
3101
3102
3106
3101
3100
3099
3099
3099
3091
3096
3097
3102
3087
3095
3093
3089
3094
3092
3089
3101
3090
3086
3086
3080
3087
3091
3085
3085
3086
3078
3084
3082
3087
3093
3078
3084
3079
3088
3078
3079
3078
3085
3083
3078
3074
3073
3083
3073
3071
3066
3072
3071
3072
3072
3076
3078
3068
3068
3060
3065
3063
3061
3042
3057
3057
3054
3047
3044
3061
3050
3046
3048
3043
3045
3042
3045
3041
3038
3036
3038
3038
3029
3031
3035
3031
3020
3026
3023
3028
3023
3017
3013
3017
3015
3010
3007
3001
3004
2997
3000
2992
2994
2993
2989
2986
2984
2986
2980
2978
2979
2975
2969
2975
2967
2971
2973
2966
2964
2961
2968
2959
2956
2955
2951
2956
2954
2941
2936
2956
2949
2950
2946
2943
2946
2946
2943
2937
2942
2942
2955
2941
2939
2941
2948
2945
2958
2940
2935
2934
2930
2932
2939
2936
2943
2941
2938
2929
2940
2936
2935
2932
2935
2924
2931
2931
2921
2933
2930
2929
2929
2923
2926
2925
2934
2929
2917
2920
2929
2924
2920
2917
2918
2918
2909
2911
2911
2907
2916
2914
2909
2894
2915
2909
2908
2909
2907
2900
2904
2905
2900
2894
2903
2903
2898
2901
2928
2899
2896
2903
2890
2897
2894
2898
2894
2891
2889
2891
2889
2886
2887
2885
2882
2869
2881
2877
2881
2874
2876
2877
2873
2873
2871
2869
2848
2853
2859
2856
2847
2851
2858
2851
2848
2842
2839
2843
2840
2846
2838
2828
2829
2834
2818
2823
2821
2821
2811
2822
2814
2812
2798
2810
2799
2798
2787
2793
2789
2789
2785
2779
2765
2781
2777
2774
2776
2771
2769
2768
2774
2761
2759
2749
2753
2757
2754
2747
2755
2747
2743
2740
2733
2734
2732
2726
2724
2713
2721
2722
2713
2718
2715
2713
2709
2710
2682
2703
2702
2705
2700
2701
2701
2699
2707
2695
2694
2688
2687
2691
2690
2689
2681
2686
2686
2681
2686
2691
2678
2679
2673
2681
2680
2673
2671
2671
2668
2663
2658
2666
2645
2658
2654
2662
2651
2656
2652
2660
2643
2646
2645
2643
2644
2635
2637
2632
2628
2640
2626
2625
2625
2621
2622
2617
2626
2608
2613
2606
2601
2601
2593
2596
2592
2592
2601
2592
2590
2580
2591
2576
2586
2587
2589
2583
2579
2586
2568
2577
2575
2572
2576
2570
2576
2564
2571
2554
2551
2556
2551
2545
2552
2545
2543
2543
2546
2525
2535
2568
2515
2529
2529
2526
2528
2526
2517
2517
2524
2509
2513
2510
2519
2508
2495
2505
2498
2513
2508
2503
2500
2495
2498
2488
2486
2489
2479
2481
2479
2490
2484
2488
2478
2481
2472
2486
2474
2474
2472
2468
2468
2464
2463
2466
2457
2454
2446
2452
2443
2450
2447
2439
2452
2445
2444
2445
2434
2434
2429
2435
2428
2435
2426
2425
2425
2411
2423
2421
2423
2421
2415
2415
2417
2410
2414
2407
2396
2401
2397
2397
2393
2388
2389
2383
2381
2377
2378
2375
2371
2372
2374
2353
2354
2359
2341
2342
2343
2339
2331
2323
2331
2327
2329
2324
2321
2317
2315
2318
2309
2311
2319
2299
2310
2308
2307
2310
2314
2307
2308
2315
2317
2306
2307
2311
2310
2314
2306
2308
2314
2308
2308
2306
2309
2305
2308
2308
2317
2324
2307
2307
2296
2307
2310
2308
2306
2302
2312
2307
2308
2318
2308
2315
2307
2308
2306
2302
2308
2306
2313
2307
2308
2306
2315
2298
2308
2308
2307
2306
2301
2307
2306
2300
2310
2307
2307
2307
2310
2307
2306
2312
2308
2305
2307
2309
2304
2302
2305
2315
2306
2305
2308
2302
2308
2310
2307
2305
2307
2309
2305
2307
2302
2305
2306
2307
2307
2309
2316
2308
2308
2308
2311
2308
2308
2312
2311
2310
2307
2310
2302
2309
2307
2308
2312
2306
2308
2308
2296
2304
2311
2308
2309
2303
2306
2306
2306
2309
2302
2305
2308
2305
2308
2306
2308
2306
2306
2310
2309
2308
2312
2308
2306
2307
2311
2307
2308
2307
2305
2307
2307
2308
2310
2308
2302
2309
2313
2305
2313
2307
2299
2312
2310
2308
2308
2311
2311
2310
2308
2298
2307
2320
2307
2311
2316
2305
2307
2308
2304
2301
2308
2308
2300
2300
2314
2307
2302
2308
2308
2307
2309
2310
2305
2308
2310
2305
2308
2305
2307
2297
2302
2297
2308
2306
2313
2312
2306
2309
2314
2304
2307
2307
2300
2301
2297
2306
2298
2307
2308
2307
2306
2308
2301
2308
2304
2309
2310
2302
2305
2298
2297
2313
2299
2298
2308
2302
2298
2297
2292
2297
2294
2293
2299
2289
2280
2287
2276
2283
2282
2277
2279
2270
2277
2275
2274
2271
2277
2267
2269
2275
2263
2262
2260
2256
2256
2244
2253
2249
2247
2240
2247
2242
2232
2230
2241
2236
2235
2230
2225
2224
2222
2221
2213
2216
2211
2205
2207
2198
2199
2187
2189
2193
2185
2176
2175
2172
2174
2171
2168
2168
2162
2158
2151
2137
2150
2146
2138
2140
2129
2125
2128
2121
2116
2118
2114
2112
2114
2110
2105
2106
2106
2097
2098
2099
2086
2102
2083
2082
2089
2072
2074
2072
2054
2065
2072
2062
2057
2069
2056
2058
2054
2046
2053
2052
2050
2053
2046
2046
2042
2042
2038
2035
2035
2047
2037
2010
2033
2033
2025
2028
2026
2021
2038
2029
2022
2020
2023
2018
2014
2013
2015
2007
2011
2007
2008
2009
2004
2008
2005
1998
2013
2004
2004
2008
2001
1994
1996
1997
2002
1998
1991
1990
1986
1985
1987
1986
1985
1983
1984
1982
1976
1984
1960
1978
1976
1959
1981
1972
1972
1973
1965
1964
1967
1962
1969
1967
1964
1960
